%YAML:1.0
---
K: !!opencv-matrix
   rows: 3
   cols: 3
   dt: d
   data: [ 9.1167683797762913e+02, 0., 3.0760044130791795e+02, 0.,
       9.0996276225343263e+02, 2.6363361138925433e+02, 0., 0., 1. ]
D: !!opencv-matrix
   rows: 1
   cols: 5
   dt: d
   data: [ -6.6474665546567757e-03, -2.1835534182236298e+00,
       2.3975367119445667e-03, -1.5373668831408706e-03,
       9.3896432999004045e+00 ]
