%YAML:1.0
---
K: !!opencv-matrix
   rows: 3
   cols: 3
   dt: d
   data: [ 9.1167694967696741e+02, 0., 3.0760042986175063e+02, 0.,
       9.0996290746492343e+02, 2.6363352800309565e+02, 0., 0., 1. ]
D: !!opencv-matrix
   rows: 1
   cols: 5
   dt: d
   data: [ -6.6484316595963183e-03, -2.1835487529267632e+00,
       2.3975536475482730e-03, -1.5373623332120368e-03,
       9.3896433362264506e+00 ]
