%YAML:1.0
---
K: !!opencv-matrix
   rows: 3
   cols: 3
   dt: d
   data: [ 9.1167693161326667e+02, 0., 3.0760033277755412e+02, 0.,
       9.0996278575156714e+02, 2.6363361447480816e+02, 0., 0., 1. ]
D: !!opencv-matrix
   rows: 1
   cols: 5
   dt: d
   data: [ -6.6462769915838901e-03, -2.1835581254638901e+00,
       2.3975071282609497e-03, -1.5374532486341966e-03,
       9.3896441579505723e+00 ]
