%YAML:1.0
---
K: !!opencv-matrix
   rows: 3
   cols: 3
   dt: d
   data: [ 9.1725364922552899e+02, 0., 2.9733072946924176e+02, 0.,
       9.1709534563837565e+02, 2.2806583753000916e+02, 0., 0., 1. ]
D: !!opencv-matrix
   rows: 1
   cols: 5
   dt: d
   data: [ 9.0439278314487670e-02, -2.8643939020104434e+00,
       3.5208679413862898e-04, -4.6339827231097206e-03,
       9.8637949683234751e+00 ]
