%YAML:1.0
---
K: !!opencv-matrix
   rows: 3
   cols: 3
   dt: d
   data: [ 9.2200949210584099e+02, 0., 2.1513523644960526e+02, 0.,
       9.2137726296508788e+02, 1.9495247313151927e+02, 0., 0., 1. ]
D: !!opencv-matrix
   rows: 1
   cols: 5
   dt: d
   data: [ 4.2456557146523098e-02, -2.3780767010667665e+00,
       1.2259798322239767e-03, -1.1265058548595810e-03,
       8.4697439694914411e+00 ]
