%YAML:1.0
---
K: !!opencv-matrix
   rows: 3
   cols: 3
   dt: d
   data: [ 9.1010378282480042e+02, 0., 2.1225711420259123e+02, 0.,
       9.0976872753592841e+02, 2.9577867059571554e+02, 0., 0., 1. ]
D: !!opencv-matrix
   rows: 1
   cols: 5
   dt: d
   data: [ -1.6746392662124429e-01, -5.0856621179695538e-01,
       4.2330618794131601e-03, 2.1716533226781064e-03,
       4.7364522084138239e+00 ]
