%YAML:1.0
---
K: !!opencv-matrix
   rows: 3
   cols: 3
   dt: d
   data: [ 9.1010367344167878e+02, 0., 2.1225703949386903e+02, 0.,
       9.0976857476130056e+02, 2.9577869522355633e+02, 0., 0., 1. ]
D: !!opencv-matrix
   rows: 1
   cols: 5
   dt: d
   data: [ -1.6746270826966625e-01, -5.0858648374090498e-01,
       4.2330220389868601e-03, 2.1716743925232719e-03,
       4.7365495253019763e+00 ]
