%YAML:1.0
---
K1: !!opencv-matrix
   rows: 3
   cols: 3
   dt: d
   data: [ 9.1725364922552899e+02, 0., 2.9733072946924176e+02, 0.,
       9.1709534563837565e+02, 2.2806583753000916e+02, 0., 0., 1. ]
D1: !!opencv-matrix
   rows: 1
   cols: 5
   dt: d
   data: [ 9.0439278314487670e-02, -2.8643939020104434e+00,
       3.5208679413862898e-04, -4.6339827231097206e-03,
       9.8637949683234751e+00 ]
K2: !!opencv-matrix
   rows: 3
   cols: 3
   dt: d
   data: [ 9.2200949210584099e+02, 0., 2.1513523644960526e+02, 0.,
       9.2137726296508788e+02, 1.9495247313151927e+02, 0., 0., 1. ]
D2: !!opencv-matrix
   rows: 1
   cols: 5
   dt: d
   data: [ 4.2456557146523098e-02, -2.3780767010667665e+00,
       1.2259798322239767e-03, -1.1265058548595810e-03,
       8.4697439694914411e+00 ]
R: !!opencv-matrix
   rows: 3
   cols: 3
   dt: d
   data: [ 9.9992702418216473e-01, 8.3456051034574499e-03,
       8.7348260233286717e-03, -8.6922805968784773e-03,
       9.9914441303387114e-01, 4.0433725542253655e-02,
       -8.3899087137944920e-03, -4.0506700416823770e-02,
       9.9914404199450435e-01 ]
T: !!opencv-matrix
   rows: 3
   cols: 1
   dt: d
   data: [ -3.3179524824261016e-02, -1.1969029234280273e-03,
       5.2934758174146010e-03 ]
E: !!opencv-matrix
   rows: 3
   cols: 3
   dt: d
   data: [ 5.6054283404593280e-05, -5.2404642003523834e-03,
       -1.4099133731548166e-03, 5.0147163372450060e-03,
       -1.2998158132320645e-03, 3.3197362134692966e-02,
       1.4852213183018925e-03, -3.3141147976132920e-02,
       -1.3311170615636046e-03 ]
F: !!opencv-matrix
   rows: 3
   cols: 3
   dt: d
   data: [ -2.2823486798316832e-07, 2.1341154297625825e-05,
       4.6636032724280938e-04, -2.0432309638129271e-05,
       5.2969742870088751e-06, -1.1920214306582423e-01,
       -1.5432739164460960e-03, 1.1881355302839851e-01,
       9.9999999999999989e-01 ]
R1: !!opencv-matrix
   rows: 3
   cols: 3
   dt: d
   data: [ 9.8782485956619126e-01, 5.0183848352354322e-02,
       -1.4725361858909369e-01, -4.7255682257477803e-02,
       9.9861060061581863e-01, 2.3318851431705940e-02,
       1.4821925420610738e-01, -1.6076370929459766e-02,
       9.8882384830682746e-01 ]
R2: !!opencv-matrix
   rows: 3
   cols: 3
   dt: d
   data: [ 9.8688535208042560e-01, 3.5600448446737640e-02,
       -1.5744811818337326e-01, -3.8714537900231986e-02,
       9.9910983009042276e-01, -1.6755058097716231e-02,
       1.5671147502421709e-01, 2.2630852548623077e-02,
       9.8738511134645768e-01 ]
P1: !!opencv-matrix
   rows: 3
   cols: 4
   dt: d
   data: [ 7.0145386786086590e+02, 0., 4.0297953176498413e+02, 0., 0.,
       7.0145386786086590e+02, 2.1104184341430664e+02, 0., 0., 0., 1.,
       0. ]
P2: !!opencv-matrix
   rows: 3
   cols: 4
   dt: d
   data: [ 7.0145386786086590e+02, 0., 4.0297953176498413e+02,
       -2.3583191272117300e+01, 0., 7.0145386786086590e+02,
       2.1104184341430664e+02, 0., 0., 0., 1., 0. ]
Q: !!opencv-matrix
   rows: 4
   cols: 4
   dt: d
   data: [ 1., 0., 0., -4.0297953176498413e+02, 0., 1., 0.,
       -2.1104184341430664e+02, 0., 0., 0., 7.0145386786086590e+02, 0.,
       0., 2.9743806076415257e+01, 0. ]
