%YAML:1.0
---
K1: !!opencv-matrix
   rows: 3
   cols: 3
   dt: d
   data: [ 9.1167693161326667e+02, 0., 3.0760033277755412e+02, 0.,
       9.0996278575156714e+02, 2.6363361447480816e+02, 0., 0., 1. ]
D1: !!opencv-matrix
   rows: 1
   cols: 5
   dt: d
   data: [ -6.6462769915838901e-03, -2.1835581254638901e+00,
       2.3975071282609497e-03, -1.5374532486341966e-03,
       9.3896441579505723e+00 ]
K2: !!opencv-matrix
   rows: 3
   cols: 3
   dt: d
   data: [ 9.2200949210584099e+02, 0., 2.1513523644960526e+02, 0.,
       9.2137726296508788e+02, 1.9495247313151927e+02, 0., 0., 1. ]
D2: !!opencv-matrix
   rows: 1
   cols: 5
   dt: d
   data: [ 4.2456557146523098e-02, -2.3780767010667665e+00,
       1.2259798322239767e-03, -1.1265058548595810e-03,
       8.4697439694914411e+00 ]
R: !!opencv-matrix
   rows: 3
   cols: 3
   dt: d
   data: [ 9.9986300239650072e-01, -1.4276794350584491e-02,
       -8.3755347128610207e-03, 1.5055472664941793e-02,
       9.9469417233824076e-01, 1.0176854258157234e-01,
       6.8781670153036881e-03, -1.0188069816905079e-01,
       9.9477284550750400e-01 ]
T: !!opencv-matrix
   rows: 3
   cols: 1
   dt: d
   data: [ -4.4444469610052177e+00, 9.0998430596586508e-02,
       1.2682850964384307e+00 ]
E: !!opencv-matrix
   rows: 3
   cols: 3
   dt: d
   data: [ -1.8468729197008017e-02, -1.2708267779322189e+00,
       -3.8548758101184535e-02, 1.2986809929081176e+00,
       -4.7091040486229030e-01, 4.4105925842553146e+00,
       -1.5789921376187027e-01, -4.4195663254984412e+00,
       -4.5154272928832168e-01 ]
F: !!opencv-matrix
   rows: 3
   cols: 3
   dt: d
   data: [ 3.3500066549171650e-07, 2.3094701220469419e-05,
       -5.5541154891572608e-03, -2.3572684417609576e-05,
       8.5637144634856890e-06, -6.7993541531911200e-02,
       7.1642127802025697e-03, 6.7414722711189007e-02,
       9.9999999999999989e-01 ]
R1: !!opencv-matrix
   rows: 3
   cols: 3
   dt: d
   data: [ 9.5911140202339495e-01, -5.3548696835132529e-03,
       -2.8297816855614566e-01, 2.0066775348681894e-02,
       9.9859144650270382e-01, 4.9116672309341511e-02,
       2.8231656528766308e-01, -5.2786819778333799e-02,
       9.5786789727073873e-01 ]
R2: !!opencv-matrix
   rows: 3
   cols: 3
   dt: d
   data: [ 9.6142654990679821e-01, -1.9684857968385303e-02,
       -2.7435651167973968e-01, 5.3959631326705587e-03,
       9.9859373932816764e-01, -5.2739239248005575e-02,
       2.7500885934126107e-01, 4.9224487212687233e-02,
       9.6018075232867828e-01 ]
P1: !!opencv-matrix
   rows: 3
   cols: 4
   dt: d
   data: [ -5.3702248589478422e+03, 0., 5.5073763763904572e+02, 0., 0.,
       -5.3702248589478422e+03, 2.3189914512634277e+02, 0., 0., 0., 1.,
       0. ]
P2: !!opencv-matrix
   rows: 3
   cols: 4
   dt: d
   data: [ -5.3702248589478422e+03, 0., 5.5073763763904572e+02,
       2.4825276103077420e+04, 0., -5.3702248589478422e+03,
       2.3189914512634277e+02, 0., 0., 0., 1., 0. ]
Q: !!opencv-matrix
   rows: 4
   cols: 4
   dt: d
   data: [ 1., 0., 0., -5.5073763763904572e+02, 0., 1., 0.,
       -2.3189914512634277e+02, 0., 0., 0., -5.3702248589478422e+03, 0.,
       0., 2.1632085124250167e-01, 0. ]
