%YAML:1.0
---
K1: !!opencv-matrix
   rows: 3
   cols: 3
   dt: d
   data: [ 9.1167683797762913e+02, 0., 3.0760044130791795e+02, 0.,
       9.0996276225343263e+02, 2.6363361138925433e+02, 0., 0., 1. ]
D1: !!opencv-matrix
   rows: 1
   cols: 5
   dt: d
   data: [ -6.6474665546567757e-03, -2.1835534182236298e+00,
       2.3975367119445667e-03, -1.5373668831408706e-03,
       9.3896432999004045e+00 ]
K2: !!opencv-matrix
   rows: 3
   cols: 3
   dt: d
   data: [ 9.1010367344167878e+02, 0., 2.1225703949386903e+02, 0.,
       9.0976857476130056e+02, 2.9577869522355633e+02, 0., 0., 1. ]
D2: !!opencv-matrix
   rows: 1
   cols: 5
   dt: d
   data: [ -1.6746270826966625e-01, -5.0858648374090498e-01,
       4.2330220389868601e-03, 2.1716743925232719e-03,
       4.7365495253019763e+00 ]
R: !!opencv-matrix
   rows: 3
   cols: 3
   dt: d
   data: [ 9.9995175870838759e-01, -9.4030549352323630e-03,
       -2.8395094448832982e-03, 9.3866601071030276e-03,
       9.9993950992567948e-01, -5.7329836582449140e-03,
       2.8932452430272355e-03, 5.7060535816784060e-03,
       9.9997953483283186e-01 ]
T: !!opencv-matrix
   rows: 3
   cols: 1
   dt: d
   data: [ -4.4424314875504897e-02, -7.7547988509150013e-04,
       -1.2762988031967289e-03 ]
E: !!opencv-matrix
   rows: 3
   cols: 3
   dt: d
   data: [ 9.7365295721057834e-06, 1.2717966700114224e-03,
       -7.8278101494778062e-04, -1.1477067952056807e-03,
       2.6548862876921413e-04, 4.4427029786980807e-02,
       3.5844653071293844e-04, -4.4428919525357123e-02,
       2.5248188875196171e-04 ]
F: !!opencv-matrix
   rows: 3
   cols: 3
   dt: d
   data: [ -9.2251391702541397e-09, -1.2072680959139425e-06,
       9.9727483561192669e-04, 1.0878264851855589e-06,
       -2.5211106131789907e-07, -3.8658041658861948e-02,
       -6.2888710983053622e-04, 3.8714151066312173e-02, 1. ]
R1: !!opencv-matrix
   rows: 3
   cols: 3
   dt: d
   data: [ 9.9963404424675828e-01, 8.2113875394227327e-03,
       2.5775001407323372e-02, -8.1362303226377442e-03,
       9.9996234172796383e-01, -3.0194175040235906e-03,
       -2.5798824372577505e-02, 2.8086011828002615e-03,
       9.9966320949627285e-01 ]
R2: !!opencv-matrix
   rows: 3
   cols: 3
   dt: d
   data: [ 9.9943542012125841e-01, 1.7446348174956088e-02,
       2.8713514978176386e-02, -1.7529964988291281e-02,
       9.9984279217421124e-01, 2.6629428807449676e-03,
       -2.8662542360248427e-02, -3.1647863490344686e-03,
       9.9958413492452558e-01 ]
P1: !!opencv-matrix
   rows: 3
   cols: 4
   dt: d
   data: [ 7.7542132702170591e+02, 0., 2.3211437797546387e+02, 0., 0.,
       7.7542132702170591e+02, 2.8309532165527344e+02, 0., 0., 0., 1.,
       0. ]
P2: !!opencv-matrix
   rows: 3
   cols: 4
   dt: d
   data: [ 7.7542132702170591e+02, 0., 2.3211437797546387e+02,
       -3.4467020579093244e+01, 0., 7.7542132702170591e+02,
       2.8309532165527344e+02, 0., 0., 0., 1., 0. ]
Q: !!opencv-matrix
   rows: 4
   cols: 4
   dt: d
   data: [ 1., 0., 0., -2.3211437797546387e+02, 0., 1., 0.,
       -2.8309532165527344e+02, 0., 0., 0., 7.7542132702170591e+02, 0.,
       0., 2.2497486408559936e+01, 0. ]
