%YAML:1.0
---
K1: !!opencv-matrix
   rows: 3
   cols: 3
   dt: d
   data: [ 9.1167694967696741e+02, 0., 3.0760042986175063e+02, 0.,
       9.0996290746492343e+02, 2.6363352800309565e+02, 0., 0., 1. ]
D1: !!opencv-matrix
   rows: 1
   cols: 5
   dt: d
   data: [ -6.6484316595963183e-03, -2.1835487529267632e+00,
       2.3975536475482730e-03, -1.5373623332120368e-03,
       9.3896433362264506e+00 ]
K2: !!opencv-matrix
   rows: 3
   cols: 3
   dt: d
   data: [ 9.1010378282480042e+02, 0., 2.1225711420259123e+02, 0.,
       9.0976872753592841e+02, 2.9577867059571554e+02, 0., 0., 1. ]
D2: !!opencv-matrix
   rows: 1
   cols: 5
   dt: d
   data: [ -1.6746392662124429e-01, -5.0856621179695538e-01,
       4.2330618794131601e-03, 2.1716533226781064e-03,
       4.7364522084138239e+00 ]
R: !!opencv-matrix
   rows: 3
   cols: 3
   dt: d
   data: [ 9.9995175847192075e-01, -9.4030528124365142e-03,
       -2.8395997464186317e-03, 9.3866572820067804e-03,
       9.9993950958153965e-01, -5.7330483078366409e-03,
       2.8933361338565680e-03, 5.7061173871880040e-03,
       9.9997953420576569e-01 ]
T: !!opencv-matrix
   rows: 3
   cols: 1
   dt: d
   data: [ -4.6201289189456762e-02, -8.0649843014398445e-04,
       -1.3273502035602083e-03 ]
E: !!opencv-matrix
   rows: 3
   cols: 3
   dt: d
   data: [ 1.0125910404187425e-05, 1.3226679368759670e-03,
       -8.1409168735149036e-04, -1.1936103107154802e-03,
       2.7611112361913544e-04, 4.6204112786680289e-02,
       3.7278385581900536e-04, -4.6206078001472077e-02,
       2.6258409006976253e-04 ]
F: !!opencv-matrix
   rows: 3
   cols: 3
   dt: d
   data: [ -9.2250714703575538e-09, -1.2072682236905839e-06,
       9.9727476193222828e-04, 1.0878227473623927e-06,
       -2.5211388365444932e-07, -3.8658067045619374e-02,
       -6.2888576814653491e-04, 3.8714179505915575e-02, 1. ]
R1: !!opencv-matrix
   rows: 3
   cols: 3
   dt: d
   data: [ 9.9963404702509095e-01, 8.2113767013534990e-03,
       2.5774897107586715e-02, -8.1362189713707900e-03,
       9.9996234172639742e-01, -3.0194486101910172e-03,
       -2.5798720299428018e-02, 2.8086334271576561e-03,
       9.9966321209154430e-01 ]
R2: !!opencv-matrix
   rows: 3
   cols: 3
   dt: d
   data: [ 9.9943542075106651e-01, 1.7446333468329144e-02,
       2.8713501992100838e-02, -1.7529951151913508e-02,
       9.9984279233159179e-01, 2.6629748735295987e-03,
       -2.8662528861739443e-02, -3.1648177004974716e-03,
       9.9958413521232559e-01 ]
P1: !!opencv-matrix
   rows: 3
   cols: 4
   dt: d
   data: [ 7.7542137479576559e+02, 0., 2.3211445808410645e+02, 0., 0.,
       7.7542137479576559e+02, 2.8309527206420898e+02, 0., 0., 0., 1.,
       0. ]
P2: !!opencv-matrix
   rows: 3
   cols: 4
   dt: d
   data: [ 7.7542137479576559e+02, 0., 2.3211445808410645e+02,
       -3.5845704921787537e+01, 0., 7.7542137479576559e+02,
       2.8309527206420898e+02, 0., 0., 0., 1., 0. ]
Q: !!opencv-matrix
   rows: 4
   cols: 4
   dt: d
   data: [ 1., 0., 0., -2.3211445808410645e+02, 0., 1., 0.,
       -2.8309527206420898e+02, 0., 0., 0., 7.7542137479576559e+02, 0.,
       0., 2.1632197678569110e+01, 0. ]
